$ 1 0.000005 0.02986946892886784 50 5 50 5e-11
v 48 272 48 112 0 1 60 311 0 0 0.5
d 272 192 320 144 2 default
d 320 240 368 192 2 default
d 272 192 320 240 2 default
d 320 144 368 192 2 default
w 272 192 240 192 0
g 240 192 240 208 0 0
w 208 112 320 112 0
w 320 112 320 144 0
w 208 272 320 272 0
w 320 272 320 240 0
w 368 192 464 192 0
r 464 192 464 304 0 10000
r 464 304 464 416 0 1000
g 464 416 464 432 0 0
R 544 192 544 160 0 0 40 5 0 0 0.5
a 592 288 704 288 8 5 0 1000000 0.04950495049504951 0.036551419018124906 100000
w 464 304 592 304 0
r 544 192 544 272 0 100000
r 544 272 544 416 0 1000
g 544 416 544 432 0 0
w 592 272 544 272 0
407 784 288 864 288 1
r 704 288 784 288 0 270
g 784 320 784 352 0 0
r 880 288 880 160 0 5600
418 880 160 880 112 0 1 40 5 0 0 0.5 VDD
418 880 320 880 384 0 1 40 5 0 0 0.5 GND
368 880 288 960 288 1 0 zeroDetector
T 48 112 208 272 0 4 0.05454545454545456 -0.005776116807163674 0.00003689428917186591 0.999

